13 30 29 21 44 37 19
17 35 47 27 47 14 25 15 26 28
27 41 5 8 29 6 31
6 14 37 18 13 25 7
34 38 1 50 8 15 4 6
43 17 45 45 24 29 31 32
6 24 49 30 10
33 36 38 14 37 40
43 1 32 8 21
7 4 37 46 3 47
50 33 11 2 17 43 1
5 34 7 47 12 36 16
34 9 23 21 8
42 12 38 44 22 20
18 45 5 29 27 19 31 9 43
49 24 36 9 27 15 40
26 46 8 31 23
49 22 50 49 16
7 42 33 30 21 13 30 24 32 16
40 50 33 21 24 35 18 5
12 25 48 42 26 17 31
14 20 21 1 36 50 3 25 18 8
4 1 37 5 8 11 36 13
49 36 22 46 16 6 25 22
13 39 24 32 5 31 8
41 1 15 28 31 13 2 16 20
28 8 26 45 34 40 34
34 19 26 48 48
17 37 26 45 25 11 15
15 25 39 45 28 13 6 35
15 41 11 22 22 39
22 38 44 33 29 34 48 31
15 5 28 50 39 15
9 11 48 46 44 41 25 49 3
36 33 24 24 30 13 21 22 49
9 11 44 2 28 9 50 27
35 44 37 14 41 37
7 37 49 7 34 35
20 7 8 6 5 10 15 25 28 27
43 44 2 17 34 10 15 33
43 13 14 2 29 13 32 39
50 41 14 15 45 3 1
22 6 14 42 42 43 42 32 22
29 11 17 2 26 37 9 33 36
12 17 49 9 49 47 17
50 30 32 7 40 13
29 39 27 48 38 40 38 24 30
30 12 12 4 38 20 26
7 6 27 45 49 14 4 26 40
39 23 12 28 6 9 35
47 32 36 3 13 47 30 46
49 26 37 8 47
25 40 4 1 47
2 14 42 14 18 20 48 42 42 23
24 22 29 15 47 35
17 46 41 21 3 38 17 5
38 24 21 5 29
8 44 5 36 29 47 7 31 44
9 24 27 49 42 31 20
9 21 35 25 3 23 9 40
36 50 31 33 32 30 25 33 1 12
8 29 12 32 25 9 9 35 45
6 50 1 37 26 31
24 35 3 20 16 39 24 2 3 20
9 47 41 24 30 26
12 5 42 5 50 5 6 20 12 5
13 6 24 12 32 5
28 19 23 9 30 11
39 29 29 12 10 30 25 12 4
25 42 31 47 12 16 20 17 11 21
12 12 5 38 12 44 13 28 40 47
26 47 15 41 39 40 40
15 40 5 23 38 41 26 32 7 33
34 36 1 47 29 22 37 24 40 27
4 17 38 3 37 10 49 19 22
7 49 46 41 28 41
6 50 21 48 31 17 9 7 34
40 13 35 49 16 1 29 28 44 15
26 33 46 2 12 44 15 11 27
22 1 20 10 24 27
41 21 44 50 11
29 24 33 28 16
42 49 27 15 1 40 29 34 34 39
9 3 10 47 39 14 39
8 39 50 15 26
40 21 6 17 4 32 42
14 38 3 46 19 9 39 22 30
13 44 7 41 50 29 42
3 21 15 12 10
21 26 23 41 43 1 5 10 17
8 36 18 27 7 28
22 10 46 41 20 5
4 11 49 17 47 33 18 37 15 4
5 24 19 5 19 44 33 13 7
27 41 44 49 29 3 11
35 23 13 25 46 18 29 9 17
39 20 1 15 35 40 29 34
17 6 7 39 29 13 22 9
7 46 31 42 39 6 47 1 27
44 39 28 6 17 37 11
48 25 28 43 24
26 48 25 26 25
7 48 27 30 21 47 10 9 18 15
18 10 13 28 38 2
37 32 9 18 28 12
1 7 29 12 39 32
36 31 44 28 45 41
45 44 44 16 21 44 17 20 11 29
35 31 32 28 5 46 32 14
5 21 10 19 8
31 40 31 4 29 17 19 23
32 37 43 32 46
36 29 37 49 42 3 47 36 6
26 4 7 33 6
23 3 28 17 27 21 39 11
29 26 13 18 20 8 22 30 44 39
14 40 7 40 4 12 43 18
23 3 12 19 30 34 38
8 26 35 40 11 3
37 40 27 41 37
20 11 2 46 26 27 14 18 29 32
4 21 39 28 18 2 5 36
20 42 1 38 8 32 39 15
11 44 13 11 45 31
9 29 14 18 6 9 15
12 18 37 25 48 30 44 50
43 46 12 37 5 40 42 44 38 4
33 17 38 47 28 21 10 11 1 39
12 34 1 33 47 10 50
14 37 7 37 11 41
16 9 38 48 40 10 39
21 28 32 24 10
16 4 30 19 44 4 30 14
45 27 7 5 49
32 29 22 50 28 9 23
46 32 15 45 3 37 35 32
29 25 38 19 17 20 14 9 35 7
30 21 25 50 43
28 1 48 23 16 20 17 9 24 27
15 23 5 26 12 47 34 15 12
48 17 20 25 27 14 5 33 27 45
7 15 22 43 47
18 42 6 33 35
34 47 24 25 6 25 20
47 8 33 34 25 36 36 2 40
47 12 27 22 5 21 9 43
17 10 2 10 31 46 22 6
39 5 22 47 29 4
30 1 5 7 45 3 27
24 30 3 24 35 42 45
12 19 28 6 31 23 49
21 13 44 42 40 12
34 32 40 14 37 46 36
15 43 2 38 2 49
25 7 10 43 18
32 50 21 41 4 48 9 8
39 2 15 42 35 1 26
24 33 23 40 8
27 16 18 37 13 36 22
13 37 26 28 7 12
24 28 50 12 44 31 18 2
3 14 30 33 37 28 25 50 28
34 2 49 16 46
43 5 15 39 17 19 2
1 6 1 16 46
37 42 15 36 44 41 22 6
43 10 48 29 17 24
41 22 34 44 16 28 36 49
28 46 28 17 42
24 24 2 30 41
19 9 17 5 36
26 4 4 23 23 18 24 39 50 46
3 27 3 27 45 49 48 29 41 4
8 40 50 16 33
47 44 26 26 8 22
26 45 46 36 4 34
22 1 29 31 6 45 22 34 26 37
27 20 21 9 5 14 39 6
7 50 6 48 8
12 24 25 32 30
25 17 39 15 13 27 7 41 50 28
49 23 37 37 7 8 22 19 14
43 19 12 20 28 33 42 9 44 3
23 24 18 49 25 29 11
6 1 19 13 1 42 22 6
11 7 50 4 8 39 48 31 40
19 39 37 38 2 39 32
49 16 27 4 20 39 29 44
1 24 21 30 25
33 18 31 3 10
16 47 13 18 43 4 1 29 17
26 42 7 7 34
16 14 3 39 44
25 6 46 47 45 44 33
40 23 39 10 46 33 33 14
33 18 25 46 21 5 2 9
16 16 21 7 12 18
3 15 38 30 29 40 31 25 34
14 35 25 39 12 15 12 40 21
4 21 43 45 33
9 14 37 36 46
21 17 29 24 24
37 28 48 31 8 37 20 38 46
26 7 15 25 36 12 34 32 45
26 34 28 4 28 11 43 50
40 9 19 11 39 36 36 5 17
31 49 38 21 43 45 23
21 10 49 43 30 17 20 3
14 18 49 42 9 46 9
44 49 50 20 38 35 11 33 15 8
17 22 22 25 8 26 5 6 5
45 48 6 17 31 33 37 13
4 20 45 25 44 17 23 18
5 26 36 4 36 17
28 48 34 13 17 11 41 16 23 19
48 37 32 32 32 9 25 44 6 27
16 36 16 3 12
2 7 23 9 49 30 41 19
19 30 30 12 30 36 10 49 34
8 25 17 30 44 16 7 40 1
15 10 20 47 10 33 37 12 49 14
4 5 17 43 27 41
46 16 4 45 24 25
44 5 38 23 37 10 13
24 38 16 6 5 41 45 21
4 5 1 11 9 9 45 14 24
7 12 25 33 32 17 18 33
3 48 25 34 8 20 31 13
31 40 13 3 41 30 46 36
26 46 23 14 18 3 44 41 7 28
37 23 31 24 37
18 5 16 12 1 36 1 41 7 3
32 42 9 36 37 27 13 11
34 42 35 47 33
30 50 32 50 24 50 47 23 48 5
22 38 15 27 2 47 33
50 16 25 42 15 33 5 45
36 4 39 46 18 25 24 10 35 38
50 22 18 18 46 3 19 13 20 3
38 16 21 40 49 46 41 1
31 8 24 29 26 27 41 28 34
45 32 31 50 9
30 16 45 34 28 32 11 45 15 42
46 16 44 28 5 41 46 17 27 31
39 19 18 31 32 39 2
13 12 26 41 42
36 18 40 2 8
37 10 33 16 45
34 8 33 32 40 43 26
11 39 44 48 20 34 32
25 35 39 30 33 21 49
31 35 44 47 10 31 16 44
5 18 49 5 10
17 39 28 46 47 5 48
31 21 42 41 1
35 17 42 36 12 45 38
3 18 41 25 42 4 21 25 39
3 31 44 3 16 17 13
24 2 49 48 10 6 48 21
2 23 18 7 15
7 5 10 39 16 14 48
31 11 28 24 12 50 26 48 11
38 40 34 4 45 7 47 27 9
9 24 43 46 29 36 31 42
38 14 42 17 18 1
12 30 38 16 7 19 30 5 16
38 7 34 35 35
23 48 30 11 1 15
18 29 37 33 13
26 20 5 42 19 18 14 34 50
14 39 10 12 44 27 29 3
42 17 49 1 49 40 49
40 36 30 23 12
46 14 13 21 28 25
42 45 23 12 25 48
32 33 29 23 41 16 3 14 22 29
1 29 35 18 5 3 29 48 1
17 49 35 48 7 12 16 6
39 42 26 48 1 42 10 41 23 35
39 17 24 4 30 29 22
38 29 45 49 25
46 47 3 50 8 25 41
49 36 37 9 30 50
1 26 49 44 48
36 23 48 31 18 7 17 29 26 1
44 12 9 26 6
8 19 36 27 46 5 33
25 47 50 24 47
14 50 11 40 24 30
36 10 15 41 15 9 26
23 43 1 19 40
10 47 34 44 46 4
18 21 22 21 44 25 49 43 47
46 20 32 18 49 15 31
11 4 20 42 2 35 44
13 26 8 1 44 38 40 17
15 27 8 27 37 8 40 4 36 31
3 3 30 42 15 41 45 49 33 3
43 22 9 11 11 43 48 5 37 27
44 47 27 40 18 47 8 20 47
44 42 6 15 2 10
46 20 30 49 4 43 2 48 41 37
20 7 13 31 2 48 8 13
34 3 10 25 38 27
40 4 26 17 44 9
44 8 5 4 13 35 40
32 9 5 22 1 46
15 43 25 1 43 34 10 18 12 37
25 49 16 44 32 38 21 32 19 40
50 15 38 30 45 42 4 1 6 29
46 10 4 12 2 41 26 36
13 27 50 7 44
17 6 14 31 24 6 46 13 28
28 35 15 6 1 26 15 39 2
28 31 24 8 7 8 13 19 18 2
26 29 32 36 28 40 31 3
40 24 26 20 10 29 33
6 22 10 22 30 30 45 26 27
29 50 39 21 35
10 10 13 36 6 1 16 22
39 20 28 8 19 14 25 36 41
22 1 6 12 30 1 1 41
39 32 45 37 25 47 36 20
38 16 29 19 31 31
35 48 9 18 47 28 40 41 16 5
10 25 12 17 44
50 9 33 35 44 28
27 45 4 46 50 14
13 30 23 22 7 33 41 8
40 40 38 3 49
11 16 30 4 41 42 22 5
12 10 44 43 34 34 28 36 42 22
6 44 6 19 16 43
31 30 50 11 42 48 7 32 15 16
49 31 8 41 1 3 33 25
37 21 19 15 29 31 42 15 32
41 9 27 33 8 1 20 47 47
24 24 40 25 9 14 30 50
45 16 37 40 28
5 49 46 17 34 40 39 10 15
43 45 41 16 3 43
31 40 33 15 29 9 2 25 47
43 11 24 43 49 9 14
10 10 4 40 34 39 3 36 45
41 10 20 32 25 19 49 15 50 27
50 9 19 9 34 19
1 35 2 47 32 49 31 31 35 41
15 40 7 1 39 44
38 42 5 2 25
35 36 3 27 17 47 12 38 6
42 27 30 34 18 7 36 3
22 38 42 5 24 12 39
48 33 26 9 40 5 7 27 49 14
48 47 12 19 37
47 39 32 35 30 32 15 14 14
4 18 49 31 33 32 46 50 32
9 16 21 6 37 9 8 15
43 30 33 37 50 26 9 33 24 47
22 31 36 3 39 18 24 26
47 4 37 48 21 15 33 8
46 40 27 41 23
21 21 14 31 10 50
12 30 23 27 29 36 3 4 11 32
26 8 5 31 26 42 11 44
43 34 31 49 28 49 12 33 9
16 34 37 33 46 15 41 23
32 48 39 29 43
7 36 16 27 7 17 31 3 48
41 12 23 24 28 15
37 20 21 8 24
2 14 33 47 24 22 37 35
44 1 19 17 11
22 25 31 21 1 12 18
5 24 49 4 30 15 19 26
17 38 22 47 35 32 33 16
4 11 27 45 19 29 27 10 28
33 5 50 20 39 17 23 43 25
18 32 17 38 44 45 16 8 14
29 26 8 19 5
33 31 11 32 5 35 18 31 32
5 5 47 34 9
36 46 2 20 9 49 25 22 25 6
26 12 37 5 13
19 2 19 31 19 14 32 21
11 16 32 7 15
27 26 39 41 30 2
34 16 10 1 2 23 21
42 50 44 33 37 48 36 17 6
40 4 12 7 33 22
4 8 11 8 24 47 47 50
34 29 48 35 48 6 20 41 23 22
9 33 43 22 32 36 16 38
8 45 50 7 9 49 42
47 9 11 3 10 16 9 32 10
29 2 4 40 40 11 16 46 44 40
26 20 21 46 25 15 12
36 24 43 16 12 31 5 6 22
38 9 17 29 23
16 21 43 33 7
22 2 9 44 15 45 27 3 42 14
34 11 36 8 43 10 20 28
48 43 25 34 16 34 15
34 19 19 18 40 4 36 48
34 30 23 47 36 15 23 21 20 35
8 38 22 18 7 3
8 41 32 39 12 49
28 12 22 2 7
1 7 6 42 47 40 15 50 30 21
37 25 29 26 31 30 43
2 32 25 49 21 21 2
46 2 5 46 50 36 4 31 8 18
39 46 39 50 4 7 39
33 48 44 17 30 18 23
7 12 39 42 7 8 3 47 44 20
40 19 42 45 19 30 16
13 33 3 37 26 11 23 7
20 4 18 13 13 30 25 13 32
10 1 13 47 16 50 19
49 50 33 24 17 4 50 14
49 16 1 5 28
25 17 31 45 31 46 36 22 28
48 17 13 12 25
28 25 32 30 11 45 24 31 27 26
13 17 26 9 44 24
20 29 48 24 18 17 21 29 32
37 49 47 28 26
3 47 47 45 3 38
42 10 45 10 3 3 37
34 15 50 18 27 30 15
43 12 18 28 7 20
23 4 6 44 43 28
30 33 5 34 11 9 27 17 34
8 47 5 19 3 7 18 18 41
6 29 48 45 50
34 5 43 23 8 22
20 24 13 9 41 11 45 10 33 44
1 12 13 40 33 25 21 2
39 16 19 21 50 1 45 8 37
16 36 6 18 21 23 10
39 4 30 17 24
10 48 30 3 46 45
41 16 37 33 40 12 32 16 23 50
23 6 23 31 46
40 4 4 39 50 20 46
30 9 25 27 30 45 41 10
32 42 6 47 10 14 33 48 6
47 20 47 25 47 41 37 29 14 7
33 5 1 5 14 33 21 32 2
14 18 28 12 29 41 26 8 40 44
40 49 45 22 22 31 45 39
38 18 21 34 50
47 25 24 14 12 20 2
13 21 19 31 3 24
22 41 20 19 16 43 42 19 45
34 28 42 27 22 22 8 6
33 40 31 3 32
28 50 39 9 24 40 29 39 3 20
36 2 30 5 6 17 32
9 48 1 26 37
23 48 42 9 48
23 1 22 7 15 45
29 23 45 3 15 1 35 39
29 13 28 5 5 21
48 22 39 36 10 40 49 31
17 4 10 24 5 2 8 7
26 30 11 30 19 15 45
48 45 23 25 25 2 15 39
26 37 16 8 28 13
24 46 37 12 49 4 17 16 22
2 3 31 32 4 27 8 45 1 26
28 27 47 46 11 18 17 13
45 20 8 4 19 15 14 47
40 10 34 7 18 12
47 49 19 17 7 50 4
29 40 33 22 35 1 39 44 4
3 22 4 43 20 48 39 43 34 37
18 5 3 7 32
43 23 7 3 27 13 31
32 43 34 49 33 36
9 13 30 18 37 9 42
42 29 14 24 15 17 13 9
44 50 26 13 15
33 33 12 26 22 18 8
32 27 29 3 6 19 17 31 19
28 39 34 36 33 33
26 8 13 39 19 10 10
3 41 1 22 39 22
10 20 15 27 16 11 4
50 8 33 27 46 39
11 22 33 50 27 26 12 23
50 47 7 13 50 29 15 31
42 6 39 2 14 48 23 5
15 50 37 48 30 47 31 41
2 33 37 3 9 11
3 14 25 29 16 14 14 16 19
44 19 26 18 13 39 42 10 32
35 36 43 6 45 44 1 29 24 45
44 42 41 44 45 11 33 47
11 48 36 18 50
39 13 18 14 18 34 28 16 21 3
37 45 24 24 32 40 3 43 46
1 50 37 18 6 21 23 21
35 16 41 38 7 1 23
22 50 49 6 4 11
49 39 15 30 48 35 16 29 9 8
6 46 41 35 33
50 36 38 24 35 3 31
30 50 13 26 3 7 42 19 35
44 18 6 39 34
27 29 46 45 26 20
7 46 33 34 43 13
36 42 6 2 18 28 32
11 31 24 18 22 5 50
48 1 48 38 43 33 18 22 32 17
1 17 47 42 23 12 48 32
33 24 33 14 16
46 11 9 4 38 41
1 28 23 31 35 38 27 12
5 14 12 48 14 49 10 27 8
39 36 48 30 31 19 3 38
27 5 33 17 18
20 38 36 19 5 42
17 45 18 50 13 10 3 36
20 38 12 33 9 42
12 3 28 22 5
6 6 38 45 10
29 36 36 12 45 8 37 19 14 15
25 8 35 14 6 43
27 18 20 18 38 9
24 9 38 19 25 39
30 39 22 50 22 15 50
8 46 17 32 6 8 1 36
41 27 47 47 32 28 23
12 40 36 50 30 30 40 47 50
8 16 9 37 42
45 5 5 10 7 48 4
37 50 28 47 30 41 37 4
36 40 16 47 16 44 42 1 32 39
35 12 13 48 43 5 18 7 25
20 40 40 22 39 31 22 23 10 38
15 22 12 12 12 30 25 14 12 13
1 45 28 2 29 48 18 27 25 38
14 26 38 29 15 47 49 25 25
38 8 24 11 22 49 16 33 12
20 35 43 47 41 47 50 30 12
22 5 4 7 46
47 5 15 42 6 26 44 15 48 22
19 39 19 4 4 26 19 9 32
31 31 48 36 45 2
48 27 29 28 43 46 45 11
30 18 4 35 44 15
18 38 5 47 31 49 3 8
17 36 16 3 13 36 24 4
49 27 50 2 46 5
5 23 45 45 50
23 12 48 48 27 13 10
27 39 30 44 20
35 2 22 5 31 24 2 43
6 20 17 36 39 30 47 47
41 17 15 10 33 35 18 8 32
11 43 27 37 10 26 38 49 22 40
2 9 28 17 36 47 30
49 10 8 35 47 40
35 43 10 27 7 11 27 3 13 38
31 24 25 20 22 15 10 32 15 25
38 35 40 5 42 1 22 17
34 9 50 22 37 40
48 2 13 31 19 1 25 22 23 44
19 39 15 29 34 44 49 3 6 31
4 1 4 9 50 2 44 23 22 3
28 35 40 42 37 7
16 21 33 39 37
6 31 27 15 32 48 34 43 41 49
30 18 15 33 39 22 9 18
17 26 24 1 12 12 17 38 49
32 17 4 34 11 16 37 10 29
47 36 26 33 14 12 48 48 34 42
11 1 20 13 29 33 14 10 6
12 19 44 18 44 28
45 49 20 8 35 31 9 25
4 1 41 20 21
6 8 34 6 10 13 34
2 41 15 18 46 7
8 6 38 45 1 19 33 33 20
3 19 48 34 13 33 12 46 31 46
21 47 11 7 37 16 25 32 49 36
43 41 22 27 39 41 43 20
2 18 20 26 8 50 20
12 22 44 47 22 27 11 47
16 24 21 43 40 23
26 49 3 11 7 21 49 44 31
28 10 7 21 14 6
15 16 16 31 3 15 5 27
48 18 39 32 33 37
22 9 9 35 35
10 45 9 47 44
45 33 26 14 1 20 42 34 26 5
3 50 3 40 44 42 29
1 45 4 10 43 12
30 47 23 8 32 15 13 12
4 33 17 47 36 6 18
15 14 1 42 13 2 5 24 12 1
37 50 18 29 25 11 10 46 28 29
33 25 32 37 26 20
46 49 32 6 25 3 16 10 33 21
19 35 16 44 26 33 24 12 31
17 41 28 31 35 25 27
44 35 5 41 2 9
38 26 36 34 9 37 16
47 37 23 28 34 36 33
22 36 36 46 5 14 6 44 19 40
8 39 34 14 40 1 17 39 29
18 38 32 36 48 35 37 32
41 32 47 40 34 49 38 38 31 22
14 49 29 23 33 11 3 10
30 42 17 15 50 9 3
1 45 47 24 26
24 7 38 50 28 32 32 11 45
45 3 46 12 41 15 13 1 30 15
31 24 35 11 27
48 6 50 7 46 24
2 3 20 7 38 8
42 8 44 16 14 25
45 12 23 43 22 10 11 11 20 14
37 37 49 13 31 37 8 27
6 31 44 43 34 16 34 34 11
24 46 25 20 3 39 5 10 49 13
14 42 28 13 40
43 47 36 31 41 8 13
6 27 15 4 49 7 36 10
35 24 14 40 28 25 27 7
16 47 33 50 43 6 30 23 5 2
40 2 46 2 17 26 10
30 47 16 3 23 7 32 31
16 23 15 45 46 41 18 10 48 6
22 4 13 44 7 24 41
21 14 37 32 41 46
24 12 29 2 11 7 45 15 42
28 49 12 24 33 11 49 16
38 38 48 21 19 20 44 3
1 22 6 37 7
15 26 48 46 31 21 15 31 1
15 41 39 37 8 30 35 30 27
46 43 50 12 12 20 50 6 49
37 39 22 24 45 17 24
30 19 22 14 30 22
1 15 19 41 19 38 24
28 37 13 48 44
45 46 16 44 30
17 38 36 27 48 27 21
50 42 5 49 29 34 16 45 39
11 26 43 39 14 12 36 36
11 15 34 41 3
9 7 46 39 16 10 47
42 50 20 13 34 15
23 29 17 28 17 6 36 22
38 33 32 15 28
3 28 10 15 4 25 26 33 22
26 6 6 22 21
27 21 19 35 23 48 28 45
8 30 7 26 4
13 45 11 13 23
36 5 45 25 33 39 9 47 12 46
15 32 27 50 3
12 4 13 38 13 16 48 12 44
15 12 1 32 19
32 40 22 7 12 43 28 22 12
5 4 6 36 4
47 40 30 47 29 13
44 19 18 16 20 29 28 20 34
20 26 4 23 37
37 7 42 49 24 33 39 5
15 3 11 8 11 34 48 48 8 3
19 6 8 9 48
11 25 43 7 9 39 5 7
16 39 44 23 36 5 14
4 29 2 19 47 41 46 6
2 2 41 27 22 26 9 5
5 8 50 47 8 9 31 48 24 20
33 28 10 44 27 21 35 42 46 12
25 21 29 3 45 22 3
12 39 12 50 27 40 18 1
27 3 8 17 48
10 36 33 33 44 12
13 29 3 31 12 2 14 27 31 7
9 43 30 26 14 5 23 22 43
26 12 19 14 19
34 30 49 39 22 37 22 46 28 24
24 7 50 14 39 42
12 28 42 7 33
30 24 34 5 22 32 12 31 5 13
38 11 21 49 28 12 45 33 46
4 16 24 45 12 33
8 49 8 43 16
41 23 41 49 47 46 2 35 2 45
16 17 20 42 30 7 25
10 5 24 32 48 15 40 24 42 6
22 24 4 10 2
22 18 1 16 1 45 31
26 27 16 35 34 45 10 2 38
23 48 21 37 50 36 9
12 47 6 17 32 4
26 4 25 24 30 21 43 19
41 24 13 16 11 8 49 10 35
18 9 38 21 31 15 38
37 15 22 36 40 21 49 17
38 28 47 36 36 34
33 30 3 40 42 24 2 32 14
20 12 15 11 23 37 47 8
50 8 11 19 44 19 5 20 9 37
27 9 4 28 12 18 22
44 48 13 43 23 28 45 33 8 14
44 4 8 46 45 46 35 50
49 39 32 33 12
50 39 28 40 25 11 42 42 17
2 33 2 28 19 23 45 12
12 29 26 21 24 35 50 39 47 28
5 26 2 33 33
43 2 34 34 18 12 3 1 5 18
17 27 39 28 5 21 30 21 3 40
6 2 14 31 11 42 50
20 46 43 37 2
25 44 27 41 31 37 43 4
39 3 45 39 24 2 40 37
11 11 2 24 28 50 41 4 11
48 6 30 38 19 44 30 30 29 25
17 16 35 44 35 20 11 32
8 22 17 45 1 1
50 32 45 8 15 28 36 1 20
13 45 5 38 33 7 40
25 2 46 29 17 38 43 29 40 9
19 31 31 49 9 11 20 49 30
21 44 4 31 2 2
6 27 44 20 6 18 18
34 26 1 10 8 45 30 18
26 19 30 1 22
3 5 20 44 28
21 25 2 8 14 43 49 27
29 7 46 10 14 32 11 2
29 17 38 23 9 12 49
8 47 6 45 49 31
49 13 7 4 29 2 33
3 40 6 5 11 36 20 10 50
35 15 6 27 48 28 6 49 26 24
35 37 30 4 27 38 19
2 1 31 27 5 48 47
43 30 20 34 25 24 19 9 35
6 28 5 35 13
27 44 20 32 25 10 8 42 7
8 34 45 28 24 30 2 37
37 29 9 14 41 16 30 26
42 46 18 30 34 40 36 42 10
50 14 20 43 41 19 13
41 18 17 16 44
40 11 12 31 39 16 21 16
41 24 26 10 15
22 45 22 4 3 37 47 44 25 10
17 44 12 8 48 10 9
2 46 24 44 7 16 25
5 5 21 15 47 49
8 23 32 25 48 23 36 2
2 35 46 22 32 28
15 29 14 6 40 45 31 13 20 34
7 23 9 41 40
14 22 29 7 4
17 1 11 43 17 26 19 29
27 19 48 10 47 36 18
26 2 46 48 14 10
39 40 40 11 40 23 44
27 29 44 30 39 7 24 33
33 25 40 39 12 38 26 35 35 47
47 5 10 27 34 9 36 11 12
31 10 10 12 22
46 5 35 35 47 27 8 41
22 24 9 38 22 24 45 17 42 31
38 41 12 19 22 17 5 16 34 28
44 32 28 47 41 19 25 40 20
25 22 12 14 34
15 39 15 36 33
46 30 1 5 8 14
48 38 17 21 37 19
15 38 27 13 6 41 10
13 15 28 49 46
10 37 8 8 35 24 28
12 35 34 44 24 45 3 35
14 5 8 45 11 36 11 35 46 9
16 36 21 21 19
33 31 14 27 8 43
33 42 22 29 42 16 22 7
48 17 42 9 46
10 39 47 9 37 28 34 4
40 2 35 12 49 12 45 24 35 9
16 24 41 8 30 33 22 8 3 44
24 1 50 41 36 48
35 38 46 35 12 44 34 3
33 18 31 4 48
47 3 12 48 27 1 9 35 50
33 26 30 8 14 17 49 42 2 25
24 41 15 37 5 14
14 49 35 13 32 32 20
39 48 34 16 24
35 24 18 29 13 36
21 46 40 35 9 12
12 45 1 37 27
29 8 22 26 12 26 36
37 29 20 9 42 20 13 42
28 29 5 43 30 31
23 20 44 50 48 19 7 27 50
45 34 27 14 22 11 30 27 44
23 40 1 6 32 5
10 24 40 47 50 25 5 2 21 44
6 3 33 47 46
34 29 8 21 31 34 10 47
33 20 43 16 3 7 16
46 41 50 31 7 37
28 16 49 27 36 39 29 47
10 37 41 32 17 22 37 48
8 49 44 37 35 27 32 3
40 8 36 39 49 21 6 23 18
32 47 23 30 36 44 26 21 7 35
38 26 31 33 38 30 46 18 6
29 20 24 37 38 20 9 39 17 23
45 29 44 42 13 23 6
13 5 37 45 7 15
47 7 15 22 25 4 15
48 22 14 17 35 35 43 39 31 47
4 46 20 28 37 28 11
5 40 50 3 29 5 47 47 37 30
13 13 50 36 48 15 26 23
22 27 28 21 1 20 10 27
42 40 31 47 3 9 8 16 25 3
23 29 24 16 43
10 41 37 39 2 49 26 23 40 16
8 5 4 16 23 35 27
7 45 8 16 20 19 32 33 41
15 5 36 27 42 10 12 41 24
18 2 46 50 49 21 17 35 30
36 11 11 7 7 23 24 33
47 14 50 13 7 40 33 48 35
36 4 9 50 11 17 21
25 43 37 41 49 14 30 38 16
19 29 35 8 10 2
3 19 50 4 8
30 40 2 17 5
35 23 39 28 45 18
1 26 2 42 46 34 25 46
48 8 4 12 40 44
27 25 1 37 25 15
7 2 39 2 22 2 29 1 13 42
48 24 12 1 1 3 13 46 38
14 19 32 13 10 35
41 33 30 8 13 19 50 45
45 7 6 34 48 36
13 24 15 46 43 32 10 19
38 8 13 16 20 17
23 9 37 42 41 32
24 20 27 48 19 15 29
11 34 32 23 19 45 45 35 31 16
36 29 31 3 22 9 21 8
41 44 35 49 26 10
23 17 44 15 40 14 31
22 40 14 25 19 41
34 2 2 2 13 37 39 48 25 37
23 14 23 6 3 39 8 4 45 36
6 37 19 29 46 48 48 14 7
32 31 49 49 38 7 27
28 1 21 28 19 38 11 5 1 34
41 11 41 19 50 6
18 32 10 7 25 30 37 2 19
36 44 3 14 19 18 40 35 45
8 17 4 6 45 20
4 33 4 40 45 29 1
15 38 20 32 32
7 26 48 36 9
31 32 38 1 50
4 13 12 50 47
17 45 31 1 41 37 37
37 4 3 46 21 21 17 3 49 15
41 36 27 25 8 7 34
49 5 43 40 37
47 37 25 13 13 16 19 11 16
13 49 21 34 8 28 38 20 47
50 49 40 15 8 24 45 25 39 33
33 45 27 11 27 8 17 31 22 7
25 18 41 23 42 24 29 37 47
18 43 40 24 49 35 49 11 13
11 45 42 29 10 16 4
48 49 23 10 29 1 28
3 10 36 13 23 50 16 9
40 45 14 29 21 10 50 2 3
7 41 36 36 32 30 49 32 8
36 32 8 32 8 15 42 35 31 46
7 28 36 3 48
20 31 1 12 12 44 32 45
12 45 35 26 22 22 49 33 16 24
10 34 46 43 6 38 22 11 12
1 25 43 6 10 47 30
6 31 46 27 46 50
24 33 33 29 44
40 46 7 17 46 15 1 14 44
37 6 33 38 38 33 47 42
45 32 50 46 41
4 7 30 3 13
1 11 2 12 5
15 31 12 48 42 46 13 4
1 48 26 24 15 36 46 38 24 50
5 5 31 25 1 41 12 10
43 6 24 41 20 32
40 2 50 17 44 50 42 14 47
44 9 45 1 24 17 20 7 5
11 27 35 19 10 33 4 19 23 21
37 37 37 6 44 39 31 32 26
37 21 35 49 21 48 41
7 31 23 33 40 32
13 29 28 50 26 24 30
20 46 18 35 47 20 42 27
7 3 49 45 7 16 17 13 2
21 15 11 19 14 35
17 9 13 18 13
13 14 5 45 4 30 44 10 19
9 38 38 47 45 2 16 26 21 29
33 3 24 41 7 11 26 17 15
12 47 35 11 1 18
14 9 20 48 33
21 28 29 16 22 38 44 27 45 41
19 2 8 41 31 44 31 41
9 42 16 42 16 30 9 17 9
20 43 15 36 36 11
10 43 35 39 14 1
49 37 25 6 48 47 44
37 23 42 27 49 22
20 49 17 27 6 17 4 8 42
2 21 6 24 33 15 49 42
44 37 1 22 35 46
25 31 15 34 43 47 10 27 4
3 37 31 49 45 17 32 36
2 36 41 31 46
39 36 20 49 45 16 11 13 20
43 6 22 17 42 21 3 29 6
40 13 32 20 8 34 47
8 22 48 45 46
11 14 38 6 24 32 1 7 43 39
20 9 20 41 2 37 10 17
49 4 6 41 43 44 5 17 19
8 25 4 24 9
41 49 33 10 11 30
9 15 37 16 40 50 42 20 41 6
26 11 5 18 34 49 2
18 26 9 38 25 6 45 20 48 49
15 32 7 22 15 6 15 3 38
8 8 7 49 38 20
31 19 5 24 30 4 15 45
22 18 23 2 12
18 8 39 37 22
37 34 1 7 36 6 26
12 25 22 35 2 45 46 29 30 49
5 25 22 8 35 25 46
45 43 15 28 7
24 11 42 15 36 25 32 5 4 13
19 16 48 10 11 13 35 23 1
48 12 2 33 9 25
8 39 16 30 1 35 27 44 49 27
36 23 25 46 49 20 35 1 28 4
17 48 40 16 13 44 19
37 29 15 16 45 10 3 18 4
30 35 12 5 5 39 10 22 24
22 35 45 23 7 46 50 37
21 19 15 28 37 45
2 16 38 24 45 42 11 23 17
22 27 32 50 2 14
19 8 14 4 50 5 14
36 38 8 1 42 38
41 16 18 40 2 9 4 22
50 35 2 47 32
6 23 50 13 26 48
29 1 28 10 2 24 6 42 7
33 14 47 7 8 42 30
13 36 42 33 24 24 11 16 45
31 20 24 16 24 2
44 28 34 30 30 44 16 31 5 43
34 8 21 47 9 2
15 20 20 14 23 15 17 14
15 19 38 48 36 34 44 10 10 35
50 11 28 8 50 48
13 42 21 7 6 40 28
4 43 25 7 21 5 5 25 1
47 30 37 13 1 38
42 32 17 15 41 22 29 1 48
12 17 37 15 40 42 37 49 42
41 42 46 36 7 23 17 37 10
2 19 42 27 37 12 7
7 25 39 28 16 6 6 37 40 45
49 3 41 16 39 22 5 32 32
29 25 42 47 17 37
37 27 46 27 30 6 36 27
13 24 37 31 1
39 27 28 24 12 23 10 13 31 49
2 21 36 35 28 22
23 24 30 17 43 9
2 48 36 48 37 37 19 13 2 29
